.0 0.0
0.0 0.0
0.0 0.0
0.004530823650057143 -0.012289586882067417
0.004530823650057143 -0.012289586882067417
0.004530823650057143 -0.012289586882067417
0.006837417158886226 -0.007750189202310304
0.006837417158886226 -0.007750189202310304
0.006837417158886226 -0.007750189202310304
0.0013180465464966123 -0.0049822656945419696
0.0013180465464966123 -0.0049822656945419696
0.0013180465464966123 -0.0049822656945419696
0.005766507876992732 -0.01029668257624336
0.005766507876992732 -0.01029668257624336
0.005766507876992732 -0.01029668257624336
-0.0007414096977293526 -0.000553582025277817
-0.0007414096977293526 -0.000553582025277817
-0.0007414096977293526 -0.000553582025277817
-0.004118960698291978 0.015943250645104174
-0.004118960698291978 0.015943250645104174
-0.004118960698291978 0.015943250645104174
-0.005272234395826496 0.01738257362993353
-0.005272234395826496 0.01738257362993353
-0.005272234395826496 0.01738257362993353
-0.010297331527049874 0.030890052658711913
-0.010297331527049874 0.030890052658711913
-0.010297331527049874 0.030890052658711913
-0.012274425451714815 0.01882189591047977
-0.012274425451714815 0.01882189591047977
-0.012274425451714815 0.01882189591047977
-0.01268633556528003 0.01738257362993353
-0.01268633556528003 0.01738257362993353
-0.01268633556528003 0.01738257362993353
-0.011533015753985463 0.01273246053111722
-0.011533015753985463 0.01273246053111722
-0.011533015753985463 0.01273246053111722
-0.011862562499949651 0.016607554427989255
-0.011862562499949651 0.016607554427989255
-0.011862562499949651 0.016607554427989255
-0.01268633556528003 0.01959691511242405
-0.01268633556528003 0.01959691511242405
-0.01268633556528003 0.01959691511242405
-0.010297331527049874 0.01705042173849099
-0.010297331527049874 0.01705042173849099
-0.010297331527049874 0.01705042173849099
-0.01235678881931584 0.019375478640040706
-0.01235678881931584 0.019375478640040706
-0.01235678881931584 0.019375478640040706
-0.008814511083551168 0.011514574018671205
-0.008814511083551168 0.011514574018671205
-0.008814511083551168 0.011514574018671205
-0.006590280942323109 0.007196606472749369
-0.006590280942323109 0.007196606472749369
-0.006590280942323109 0.007196606472749369
-0.0016475943405008008 -0.005314416881701391
-0.0016475943405008008 -0.005314416881701391
-0.0016475943405008008 -0.005314416881701391
-0.004530823650057143 -0.0017714685377238325
-0.004530823650057143 -0.0017714685377238325
-0.004530823650057143 -0.0017714685377238325
-0.00444846133049612 -0.006421587975088209
-0.00444846133049612 -0.006421587975088209
-0.00444846133049612 -0.006421587975088209
-0.00700219105588832 -0.0062001515027048665
-0.00700219105588832 -0.0062001515027048665
-0.00700219105588832 -0.0062001515027048665
-0.0014004570758976826 -0.020814801624870063
-0.0014004570758976826 -0.020814801624870063
-0.0014004570758976826 -0.020814801624870063
-0.002636140254793271 -0.011182416492963717
-0.002636140254793271 -0.011182416492963717
-0.002636140254793271 -0.011182416492963717
0.0 -0.006753739866530749
0.0 -0.006753739866530749
0.0 -0.006753739866530749
0.005025097131223378 -0.008857359591414003
0.005025097131223378 -0.008857359591414003
0.005025097131223378 -0.008857359591414003
0.0043660508010950495 -0.009964530684800821
0.0043660508010950495 -0.009964530684800821
0.0043660508010950495 -0.009964530684800821
0.002059457292265966 0.0013286075657701602
0.002059457292265966 0.0013286075657701602
0.002059457292265966 0.0013286075657701602
-0.005107507660624448 0.009632384427623228
-0.005107507660624448 0.009632384427623228
-0.005107507660624448 0.009632384427623228
-0.008402648131786003 0.01240030863967468
-0.008402648131786003 0.01240030863967468
-0.008402648131786003 0.01240030863967468
-0.012521561668277935 0.017161143496098253
-0.012521561668277935 0.017161143496098253
-0.012521561668277935 0.017161143496098253
-0.009391195094118473 0.014946802013607737
-0.009391195094118473 0.014946802013607737
-0.009391195094118473 0.014946802013607737
-0.005766507876992732 0.010185967157184164
-0.005766507876992732 0.010185967157184164
-0.005766507876992732 0.010185967157184164
-0.005766507876992732 0.002214341482490517
-0.005766507876992732 0.002214341482490517
-0.005766507876992732 0.002214341482490517
-0.0037070505847267656 0.004650119437364377
-0.0037070505847267656 0.004650119437364377
-0.0037070505847267656 0.004650119437364377
-0.006919827688287297 0.010960985654845323
-0.006919827688287297 0.010960985654845323
-0.006919827688287297 0.010960985654845323
-0.011038742272819228 0.015721820511268896
-0.011038742272819228 0.015721820511268896
-0.011038742272819228 0.015721820511268896
-0.01598147603644158 0.027014958761839878
-0.01598147603644158 0.027014958761839878
-0.01598147603644158 0.027014958761839878
-0.009473558461719498 0.016496839713213175
-0.009473558461719498 0.016496839713213175
-0.009473558461719498 0.016496839713213175
-0.005107507660624448 0.008303777566136187
-0.005107507660624448 0.008303777566136187
-0.005107507660624448 0.008303777566136187
-0.002636140254793271 0.003210797156818137
-0.002636140254793271 0.003210797156818137
-0.002636140254793271 0.003210797156818137
-0.0038718244817288606 0.008193062147076989
-0.0038718244817288606 0.008193062147076989
-0.0038718244817288606 0.008193062147076989
8.236336760102396e-05 0.0011071703891036993
8.236336760102396e-05 0.0011071703891036993
8.236336760102396e-05 0.0011071703891036993
0.027184991158222906 0.06023006198355344
0.027184991158222906 0.06023006198355344
0.027184991158222906 0.06023006198355344
-0.03789423384687799 0.19596913985571054
-0.03789423384687799 0.19596913985571054
-0.03789423384687799 0.19596913985571054
-0.1701120457777056 0.31742571879286186
-0.1701120457777056 0.31742571879286186
-0.1701120457777056 0.31742571879286186
-0.22110447814162873 0.35617667607294323
-0.22110447814162873 0.35617667607294323
-0.22110447814162873 0.35617667607294323
-0.2326374938956142 0.36525547213674053
-0.2326374938956142 0.36525547213674053
-0.2326374938956142 0.36525547213674053
-0.25487975129021473 0.3808665779332333
-0.25487975129021473 0.3808665779332333
-0.25487975129021473 0.3808665779332333
-0.2725911839867181 0.3902775258884732
-0.2725911839867181 0.3902775258884732
-0.2725911839867181 0.3902775258884732
-0.27300304693848326 0.39415262048962835
-0.27300304693848326 0.39415262048962835
-0.27300304693848326 0.39415262048962835
-0.26567135629843086 0.3910525387518694
-0.26567135629843086 0.3910525387518694
-0.26567135629843086 0.3910525387518694
-0.3612306657711159 0.449511132901982
-0.3612306657711159 0.449511132901982
-0.3612306657711159 0.449511132901982
-0.665125708338787 0.6379515136892169
-0.665125708338787 0.6379515136892169
-0.665125708338787 0.6379515136892169
-1.1849354051816532 0.9997747592395841
-1.1849354051816532 0.9997747592395841
-1.1849354051816532 0.9997747592395841
-1.8924038076497385 1.375548350424945
-1.8924038076497385 1.375548350424945
-1.8924038076497385 1.375548350424945
-2.7765745368377814 1.814873509831181
-2.7765745368377814 1.814873509831181
-2.7765745368377814 1.814873509831181
-3.8329991335112847 2.4598001935207283
-3.8329991335112847 2.4598001935207283
-3.8329991335112847 2.4598001935207283
-4.97336766053565 2.857274320247651
-4.97336766053565 2.857274320247651
-4.97336766053565 2.857274320247651
-6.118431737944979 3.047154024019696
-6.118431737944979 3.047154024019696
-6.118431737944979 3.047154024019696
-7.333682501905829 3.1678355851634543
-7.333682501905829 3.1678355851634543
-7.333682501905829 3.1678355851634543
-8.27823685855073 3.1121449208596648
-8.27823685855073 3.1121449208596648
-8.27823685855073 3.1121449208596648
-8.848627030481225 2.961680478150584
-8.848627030481225 2.961680478150584
-8.848627030481225 2.961680478150584
-9.699434397680754 2.685330779173645
-9.699434397680754 2.685330779173645
-9.699434397680754 2.685330779173645
-11.012551064621192 2.256413017058447
-11.012551064621192 2.256413017058447
-11.012551064621192 2.256413017058447
-12.373612160717977 1.71910328138582
-12.373612160717977 1.71910328138582
-12.373612160717977 1.71910328138582
-13.511262184116166 1.1203455979214654
-13.511262184116166 1.1203455979214654
-13.511262184116166 1.1203455979214654
-14.609370427536222 0.4859370332805136
-14.609370427536222 0.4859370332805136
-14.609370427536222 0.4859370332805136
-15.845133491178375 -0.21313027701326073
-15.845133491178375 -0.21313027701326073
-15.845133491178375 -0.21313027701326073
-17.1069282261662 -0.9455234115820698
-17.1069282261662 -0.9455234115820698
-17.1069282261662 -0.9455234115820698
-18.258170768720596 -1.7767868506997215
-18.258170768720596 -1.7767868506997215
-18.258170768720596 -1.7767868506997215
-19.35858560564562 -2.584467563980423
-19.35858560564562 -2.584467563980423
-19.35858560564562 -2.584467563980423
-20.264504271577422 -3.188096797720213
-20.264504271577422 -3.188096797720213
-20.264504271577422 -3.188096797720213
-20.9015388994808 -3.615464522135777
-20.9015388994808 -3.615464522135777
-20.9015388994808 -3.615464522135777
-21.25453164280377 -4.008842117789125
-21.25453164280377 -4.008842117789125
-21.25453164280377 -4.008842117789125
-21.457183278549095 -4.531647924392819
-21.457183278549095 -4.531647924392819
-21.457183278549095 -4.531647924392819
-21.546728943927295 -5.27179124816372
-21.546728943927295 -5.27179124816372
-21.546728943927295 -5.27179124816372
-21.808528522903032 -6.305666850879859
-21.808528522903032 -6.305666850879859
-21.808528522903032 -6.305666850879859
-22.103773827232924 -7.567065937920168
-22.103773827232924 -7.567065937920168
-22.103773827232924 -7.567065937920168
-22.202051594213163 -8.788496181167687
-22.202051594213163 -8.788496181167687
-22.202051594213163 -8.788496181167687
-22.209630469279535 -9.934970997594482
-22.209630469279535 -9.934970997594482
-22.209630469279535 -9.934970997594482
-22.17964461008361 -11.09882838835514
-22.17964461008361 -11.09882838835514
-22.17964461008361 -11.09882838835514
-22.005825513723078 -12.420568258430809
-22.005825513723078 -12.420568258430809
-22.005825513723078 -12.420568258430809
-21.7294449629488 -13.636019787350742
-21.7294449629488 -13.636019787350742
-21.7294449629488 -13.636019787350742
-21.542774756078007 -14.354462575578525
-21.542774756078007 -14.354462575578525
-21.542774756078007 -14.354462575578525
-21.51229467161074 -14.514005808716744
-21.51229467161074 -14.514005808716744
-21.51229467161074 -14.514005808716744
-21.504551069809164 -14.532716989912398
-21.504551069809164 -14.532716989912398
-21.504551069809164 -14.532716989912398
-21.49384182816866 -14.58453255891062
-21.49384182816866 -14.58453255891062
-21.49384182816866 -14.58453255891062
-21.482308813462833 -14.62361566808204
-21.482308813462833 -14.62361566808204
-21.482308813462833 -14.62361566808204
-21.479755082689426 -14.632694464850097
-21.479755082689426 -14.632694464850097
-21.479755082689426 -14.632694464850097
-21.478354625613544 -14.64299114672203
-21.478354625613544 -14.64299114672203
-21.478354625613544 -14.64299114672203
-21.473576664698932 -14.658712967233257
-21.473576664698932 -14.658712967233257
-21.473576664698932 -14.658712967233257
-21.467645383973036 -14.67443478211022
-21.467645383973036 -14.67443478211022
-21.467645383973036 -14.67443478211022
-21.424561326260182 -14.820691978326325
-21.424561326260182 -14.820691978326325
-21.424561326260182 -14.820691978326325
-21.3551984609841 -15.09073080474651
-21.3551984609841 -15.09073080474651
-21.3551984609841 -15.09073080474651
-21.21680223001608 -15.707756796459998
-21.21680223001608 -15.707756796459998
-21.21680223001608 -15.707756796459998
-21.05229191822001 -16.498608525176376
-21.05229191822001 -16.498608525176376
-21.05229191822001 -16.498608525176376
-20.89033538435913 -17.2298944893535
-20.89033538435913 -17.2298944893535
-20.89033538435913 -17.2298944893535
-20.64575296459833 -18.05850071897069
-20.64575296459833 -18.05850071897069
-20.64575296459833 -18.05850071897069
-20.211122883385602 -19.176742697866743
-20.211122883385602 -19.176742697866743
-20.211122883385602 -19.176742697866743
-19.576806806265992 -20.405258826528726
-19.576806806265992 -20.405258826528726
-19.576806806265992 -20.405258826528726
-18.970746631682 -21.51287197025158
-18.970746631682 -21.51287197025158
-18.970746631682 -21.51287197025158
-18.376384198538762 -22.526486354066733
-18.376384198538762 -22.526486354066733
-18.376384198538762 -22.526486354066733
-17.755495821615355 -23.659453691458488
-17.755495821615355 -23.659453691458488
-17.755495821615355 -23.659453691458488
-17.171595541057307 -24.764741772643525
-17.171595541057307 -24.764741772643525
-17.171595541057307 -24.764741772643525
-16.65936467212238 -25.520939068811423
-16.65936467212238 -25.520939068811423
-16.65936467212238 -25.520939068811423
-16.38364312051515 -25.794852996169823
-16.38364312051515 -25.794852996169823
-16.38364312051515 -25.794852996169823
-16.253649538726325 -25.91420594974683
-16.253649538726325 -25.91420594974683
-16.253649538726325 -25.91420594974683
-16.21130689175904 -25.956278418898158
-16.21130689175904 -25.956278418898158
-16.21130689175904 -25.956278418898158
-16.163115326385398 -26.01385127842678
-16.163115326385398 -26.01385127842678
-16.163115326385398 -26.01385127842678
-16.105862112663647 -26.06788118327291
-16.105862112663647 -26.06788118327291
-16.105862112663647 -26.06788118327291
-16.086832632372722 -26.082717269867334
-16.086832632372722 -26.082717269867334
-16.086832632372722 -26.082717269867334
-16.081725171873927 -26.084378022985984
-16.081725171873927 -26.084378022985984
-16.081725171873927 -26.084378022985984
-16.07777098507266 -26.090799610256735
-16.07777098507266 -26.090799610256735
-16.07777098507266 -26.090799610256735
-16.078182895186224 -26.090799610256735
-16.078182895186224 -26.090799610256735
-16.078182895186224 -26.090799610256735
-16.082796082203853 -26.09057817378435
-16.082796082203853 -26.09057817378435
-16.082796082203853 -26.09057817378435
-16.078594758137985 -26.095781875951232
-16.078594758137985 -26.095781875951232
-16.078594758137985 -26.095781875951232
-16.085432222458632 -26.0889174206657
-16.085432222458632 -26.0889174206657
-16.085432222458632 -26.0889174206657
-16.08518508624207 -26.08781025027661
-16.08518508624207 -26.08781025027661
-16.08518508624207 -26.08781025027661
-16.087326905853885 -26.081610098773957
-16.087326905853885 -26.081610098773957
-16.087326905853885 -26.081610098773957
-16.09671810199599 -26.07773499853857
-16.09671810199599 -26.07773499853857
-16.09671810199599 -26.07773499853857
-16.091445867600193 -26.077181415809015
-16.091445867600193 -26.077181415809015
-16.091445867600193 -26.077181415809015
-16.095070507655496 -26.075520663394645
-16.095070507655496 -26.075520663394645
-16.095070507655496 -26.075520663394645
-16.10133128901362 -26.072199150818793
-16.10133128901362 -26.072199150818793
-16.10133128901362 -26.072199150818793
-16.107015433522978 -26.06843477163673
-16.107015433522978 -26.06843477163673
-16.107015433522978 -26.06843477163673
-16.10833348006947 -26.063341784888905
-16.10833348006947 -26.063341784888905
-16.10833348006947 -26.063341784888905
-16.10998107336192 -26.061127443406438
-16.10998107336192 -26.061127443406438
-16.10998107336192 -26.061127443406438
-16.110392937361723 -26.064006088671785
-16.110392937361723 -26.064006088671785
-16.110392937361723 -26.064006088671785
-16.111216757588846 -26.062788202863633
-16.111216757588846 -26.062788202863633
-16.111216757588846 -26.062788202863633
-16.09960133130553 -26.076074245419917
-16.09960133130553 -26.076074245419917
-16.09960133130553 -26.076074245419917
-16.09243436740072 -26.082827985286393
-16.09243436740072 -26.082827985286393
-16.09243436740072 -26.082827985286393
-16.08815067996725 -26.08415658580932
-16.08815067996725 -26.08415658580932
-16.08815067996725 -26.08415658580932
-16.088562590080816 -26.0791743208191
-16.088562590080816 -26.0791743208191
-16.088562590080816 -26.0791743208191
-16.088480226713212 -26.08050292838486
-16.088480226713212 -26.08050292838486
-16.088480226713212 -26.08050292838486
-16.084031765382743 -26.081056510410132
-16.084031765382743 -26.081056510410132
-16.084031765382743 -26.081056510410132
-16.08815067996725 -26.080281491912483
-16.08815067996725 -26.080281491912483
-16.08815067996725 -26.080281491912483
-16.08197230913853 -26.09135319298629
-16.08197230913853 -26.09135319298629
-16.08197230913853 -26.09135319298629
-16.084361266014945 -26.083381567311665
-16.084361266014945 -26.083381567311665
-16.084361266014945 -26.083381567311665
-16.081148488911403 -26.085042326768864
-16.081148488911403 -26.085042326768864
-16.081148488911403 -26.085042326768864
-16.087491679750887 -26.076738549202798
-16.087491679750887 -26.076738549202798
-16.087491679750887 -26.076738549202798
-16.090374910108462 -26.07806715043001
-16.090374910108462 -26.07806715043001
-16.090374910108462 -26.07806715043001
-16.093422913315003 -26.072531302710235
-16.093422913315003 -26.072531302710235
-16.093422913315003 -26.072531302710235
-16.103143609041272 -26.0705383913616
-16.103143609041272 -26.0705383913616
-16.103143609041272 -26.0705383913616
-16.104955976230727 -26.065666841790442
-16.104955976230727 -26.065666841790442
-16.104955976230727 -26.065666841790442
-16.109569163248356 -26.066663297464757
-16.109569163248356 -26.066663297464757
-16.109569163248356 -26.066663297464757
-16.109486799880756 -26.060130994070665
-16.109486799880756 -26.060130994070665
-16.109486799880756 -26.060130994070665
-16.106850659625977 -26.062898917578412
-16.106850659625977 -26.062898917578412
-16.106850659625977 -26.062898917578412
-16.112617167502936 -26.057584500696752
-16.112617167502936 -26.057584500696752
-16.112617167502936 -26.057584500696752
-16.111134347059448 -26.060684576095937
-16.111134347059448 -26.060684576095937
-16.111134347059448 -26.060684576095937
-16.105038339598323 -26.064006088671785
-16.105038339598323 -26.064006088671785
-16.105038339598323 -26.064006088671785
-16.096553328098985 -26.073859903937446
-16.096553328098985 -26.073859903937446
-16.096553328098985 -26.073859903937446
-16.09391718679617 -26.074413492301268
-16.09391718679617 -26.074413492301268
-16.09391718679617 -26.074413492301268
-16.09078682022203 -26.082163681503513
-16.09078682022203 -26.082163681503513
-16.09078682022203 -26.082163681503513
-16.094329097957772 -26.07773499853857
-16.094329097957772 -26.07773499853857
-16.094329097957772 -26.07773499853857
-16.090127772843864 -26.07563137810942
-16.090127772843864 -26.07563137810942
-16.090127772843864 -26.07563137810942
-16.096141417985425 -26.07729213122807
-16.096141417985425 -26.07729213122807
-16.096141417985425 -26.07729213122807
-16.091610593287353 -26.08448873770076
-16.091610593287353 -26.08448873770076
-16.091610593287353 -26.08448873770076
-16.09680046431555 -26.08050292838486
-16.09680046431555 -26.08050292838486
-16.09680046431555 -26.08050292838486
-16.09119873033559 -26.08581734526652
-16.09119873033559 -26.08581734526652
-16.09119873033559 -26.08581734526652
-16.08666785952376 -26.078288586902392
-16.08666785952376 -26.078288586902392
-16.08666785952376 -26.078288586902392
-16.102319835975948 -26.068102619745293
-16.102319835975948 -26.068102619745293
-16.102319835975948 -26.068102619745293
-16.109486799880756 -26.065666841790442
-16.109486799880756 -26.065666841790442
-16.109486799880756 -26.065666841790442
-16.105038339598323 -26.0710919804297
-16.105038339598323 -26.0710919804297
-16.105038339598323 -26.0710919804297
-16.107427296474743 -26.068656201770565
-16.107427296474743 -26.068656201770565
-16.107427296474743 -26.068656201770565
-16.105203113495325 -26.072863454601674
-16.105203113495325 -26.072863454601674
-16.105203113495325 -26.072863454601674
-16.11055771021068 -26.06721688582858
-16.11055771021068 -26.06721688582858
-16.11055771021068 -26.06721688582858
-16.112781940351898 -26.06478110716944
-16.112781940351898 -26.06478110716944
-16.112781940351898 -26.06478110716944
-16.111628620540607 -26.06754903138147
-16.111628620540607 -26.06754903138147
-16.111628620540607 -26.06754903138147
-16.1131938043517 -26.06588827826282
-16.1131938043517 -26.06588827826282
-16.1131938043517 -26.06588827826282
-16.115912307974078 -26.06234533555314
-16.115912307974078 -26.06234533555314
-16.115912307974078 -26.06234533555314
-16.113440940568264 -26.068988353662004
-16.113440940568264 -26.068988353662004
-16.113440940568264 -26.068988353662004
-16.100260378683693 -26.074524207720327
-16.100260378683693 -26.074524207720327
-16.100260378683693 -26.074524207720327
-16.097789011277875 -26.08249583339495
-16.097789011277875 -26.08249583339495
-16.097789011277875 -26.08249583339495
-16.094905733758495 -26.08825311688282
-16.094905733758495 -26.08825311688282
-16.094905733758495 -26.08825311688282
-16.09103395748663 -26.09168534487773
-16.09103395748663 -26.09168534487773
-16.09103395748663 -26.09168534487773
-16.095976691250225 -26.08825311688282
-16.095976691250225 -26.08825311688282
-16.095976691250225 -26.08825311688282
-16.09301105036324 -26.092681799847767
-16.09301105036324 -26.092681799847767
-16.09301105036324 -26.092681799847767
-16.09408196069317 -26.083603003784045
-16.09408196069317 -26.083603003784045
-16.09408196069317 -26.083603003784045
-16.097377101164312 -26.080060061074363
-16.097377101164312 -26.080060061074363
-16.097377101164312 -26.080060061074363
-16.093422913315003 -26.080060061074363
-16.093422913315003 -26.080060061074363
-16.093422913315003 -26.080060061074363
-16.091857730551954 -26.08249583339495
-16.091857730551954 -26.08249583339495
-16.091857730551954 -26.08249583339495
-16.094905733758495 -26.079949340021038
-16.094905733758495 -26.079949340021038
-16.094905733758495 -26.079949340021038
-16.10174319912718 -26.078620738793827
-16.10174319912718 -26.078620738793827
-16.10174319912718 -26.078620738793827
-16.102072698711343 -26.069209790134387
-16.102072698711343 -26.069209790134387
-16.102072698711343 -26.069209790134387
-16.102731746089507 -26.07031696122776
-16.102731746089507 -26.07031696122776
-16.102731746089507 -26.07031696122776
-16.100260378683693 -26.07563137810942
-16.100260378683693 -26.07563137810942
-16.100260378683693 -26.07563137810942
-16.10124892564602 -26.073084884735508
-16.10124892564602 -26.073084884735508
-16.10124892564602 -26.073084884735508
-16.108086342804864 -26.067327600543354
-16.108086342804864 -26.067327600543354
-16.108086342804864 -26.067327600543354
-16.113852850681827 -26.065666841790442
-16.113852850681827 -26.065666841790442
-16.113852850681827 -26.065666841790442
-16.110392937361723 -26.06002027865161
-16.110392937361723 -26.06002027865161
-16.110392937361723 -26.06002027865161
-16.105367839182488 -26.065002544346108
-16.105367839182488 -26.065002544346108
-16.105367839182488 -26.065002544346108
-16.101084151749017 -26.079727909182928
-16.101084151749017 -26.079727909182928
-16.101084151749017 -26.079727909182928
-16.097541875061317 -26.076074245419917
-16.097541875061317 -26.076074245419917
-16.097541875061317 -26.076074245419917
-16.09078682022203 -26.086370927291792
-16.09078682022203 -26.086370927291792
-16.09078682022203 -26.086370927291792
-16.08938636314614 -26.085263756902698
-16.08938636314614 -26.085263756902698
-16.08938636314614 -26.085263756902698
-16.086420722259156 -26.08714594649373
-16.086420722259156 -26.08714594649373
-16.086420722259156 -26.08714594649373
-16.083537491901577 -26.09002459175908
-16.083537491901577 -26.09002459175908
-16.083537491901577 -26.09002459175908
-16.083207992317416 -26.0889174206657
-16.083207992317416 -26.0889174206657
-16.083207992317416 -26.0889174206657
-16.085432222458632 -26.085263756902698
-16.085432222458632 -26.085263756902698
-16.085432222458632 -26.085263756902698
-16.083784629166182 -26.09434255296642
-16.083784629166182 -26.09434255296642
-16.083784629166182 -26.09434255296642
-16.088892089664977 -26.09467470485786
-16.088892089664977 -26.09467470485786
-16.088892089664977 -26.09467470485786
-16.091775367184354 -26.085263756902698
-16.091775367184354 -26.085263756902698
-16.091775367184354 -26.085263756902698
-16.089798273259703 -26.08714594649373
-16.089798273259703 -26.08714594649373
-16.089798273259703 -26.08714594649373
-16.093834824476605 -26.08116722582919
-16.093834824476605 -26.08116722582919
-16.093834824476605 -26.08116722582919
-16.104214566533 -26.073638473803612
-16.104214566533 -26.073638473803612
-16.104214566533 -26.073638473803612
-16.108086342804864 -26.072531302710235
-16.108086342804864 -26.072531302710235
-16.108086342804864 -26.072531302710235
-16.11031057399412 -26.06843477163673
-16.11031057399412 -26.06843477163673
-16.11031057399412 -26.06843477163673
-16.10750970700414 -26.069431220972504
-16.10750970700414 -26.069431220972504
-16.10750970700414 -26.069431220972504
-16.10133128901362 -26.073306321912174
-16.10133128901362 -26.073306321912174
-16.10133128901362 -26.073306321912174
-16.103143609041272 -26.069763372863942
-16.103143609041272 -26.069763372863942
-16.103143609041272 -26.069763372863942
-16.10462642948476 -26.07031696122776
-16.10462642948476 -26.07031696122776
-16.10462642948476 -26.07031696122776
-16.11055771021068 -26.068988353662004
-16.11055771021068 -26.068988353662004
-16.11055771021068 -26.068988353662004
-16.10124892564602 -26.078952890685272
-16.10124892564602 -26.078952890685272
-16.10124892564602 -26.078952890685272
-16.090210183373266 -26.080281491912483
-16.090210183373266 -26.080281491912483
-16.090210183373266 -26.080281491912483
-16.09136345707079 -26.079727909182928
-16.09136345707079 -26.079727909182928
-16.09136345707079 -26.079727909182928
-16.08831545281621 -26.085042326768864
-16.08831545281621 -26.085042326768864
-16.08831545281621 -26.085042326768864
-16.094493870806733 -26.077181415809015
-16.094493870806733 -26.077181415809015
-16.094493870806733 -26.077181415809015
-16.08938636314614 -26.083049415420223
-16.08938636314614 -26.083049415420223
-16.08938636314614 -26.083049415420223
-16.088727362929774 -26.081720814193012
-16.088727362929774 -26.081720814193012
-16.088727362929774 -26.081720814193012
-16.022824364859723 -26.13530785806719
-16.022824364859723 -26.13530785806719
-16.022824364859723 -26.13530785806719
-15.874295576261098 -26.274368441471207
-15.874295576261098 -26.274368441471207
-15.874295576261098 -26.274368441471207
-15.626335653708592 -26.532339117480223
-15.626335653708592 -26.532339117480223
-15.626335653708592 -26.532339117480223
-15.335621173027128 -26.880433446822064
-15.335621173027128 -26.880433446822064
-15.335621173027128 -26.880433446822064
-14.977191374247854 -27.38153871224544
-14.977191374247854 -27.38153871224544
-14.977191374247854 -27.38153871224544
-14.413968120110242 -28.128546496929264
-14.413968120110242 -28.128546496929264
-14.413968120110242 -28.128546496929264
-13.760540153215508 -29.175708136557283
-13.760540153215508 -29.175708136557283
-13.760540153215508 -29.175708136557283
-13.198470219936793 -30.35063723401478
-13.198470219936793 -30.35063723401478
-13.198470219936793 -30.35063723401478
-12.917970708462327 -31.55712067593963
-12.917970708462327 -31.55712067593963
-12.917970708462327 -31.55712067593963
-12.646532844287899 -32.78951190553144
-12.646532844287899 -32.78951190553144
-12.646532844287899 -32.78951190553144
-12.55591626857916 -34.14081322702207
-12.55591626857916 -34.14081322702207
-12.55591626857916 -34.14081322702207
-12.47131333801199 -35.503739825975885
-12.47131333801199 -35.503739825975885
-12.47131333801199 -35.503739825975885
-12.536557241542225 -36.79326104214695
-12.536557241542225 -36.79326104214695
-12.536557241542225 -36.79326104214695
-12.757167447249936 -38.08676807397091
-12.757167447249936 -38.08676807397091
-12.757167447249936 -38.08676807397091
-13.068559001515299 -39.40861865944325
-13.068559001515299 -39.40861865944325
-13.068559001515299 -39.40861865944325
-13.505166176655035 -40.78627063026985
-13.505166176655035 -40.78627063026985
-13.505166176655035 -40.78627063026985
-14.07267311822645 -41.961864025159606
-14.07267311822645 -41.961864025159606
-14.07267311822645 -41.961864025159606
-14.805514144659904 -42.990314489213816
-14.805514144659904 -42.990314489213816
-14.805514144659904 -42.990314489213816
-15.697263701748055 -43.97957112938153
-15.697263701748055 -43.97957112938153
-15.697263701748055 -43.97957112938153
-16.646266472557375 -44.98798181171536
-16.646266472557375 -44.98798181171536
-16.646266472557375 -44.98798181171536
-17.66644447687982 -45.86286776329614
-17.66644447687982 -45.86286776329614
-17.66644447687982 -45.86286776329614
-18.81529796823369 -46.536027285903614
-18.81529796823369 -46.536027285903614
-18.81529796823369 -46.536027285903614
-19.95006476126899 -47.216383420617376
-19.95006476126899 -47.216383420617376
-19.95006476126899 -47.216383420617376
-21.04446595409887 -48.03790375916092
-21.04446595409887 -48.03790375916092
-21.04446595409887 -48.03790375916092
-22.16234508750086 -48.84337013163998
-22.16234508750086 -48.84337013163998
-22.16234508750086 -48.84337013163998
-23.302054568182374 -49.55063050405957
-23.302054568182374 -49.55063050405957
-23.302054568182374 -49.55063050405957
-24.422569794674747 -50.294981080638784
-24.422569794674747 -50.294981080638784
-24.422569794674747 -50.294981080638784
-25.599349735086463 -50.99438053575888
-25.599349735086463 -50.99438053575888
-25.599349735086463 -50.99438053575888
-26.809904901482835 -51.681047543729036
-26.809904901482835 -51.681047543729036
-26.809904901482835 -51.681047543729036
-28.010739419313087 -52.36317514697616
-28.010739419313087 -52.36317514697616
-28.010739419313087 -52.36317514697616
-29.22508399861008 -52.9935978959409
-29.22508399861008 -52.9935978959409
-29.22508399861008 -52.9935978959409
-30.34205699556861 -53.69620815455381
-30.34205699556861 -53.69620815455381
-30.34205699556861 -53.69620815455381
-31.410344106509623 -54.464252170975584
-31.410344106509623 -54.464252170975584
-31.410344106509623 -54.464252170975584
-32.53810870847273 -55.26639703087224
-32.53810870847273 -55.26639703087224
-32.53810870847273 -55.26639703087224
-33.65326933823662 -56.10840002547848
-33.65326933823662 -56.10840002547848
-33.65326933823662 -56.10840002547848
-34.810525477700416 -56.84854334922028
-34.810525477700416 -56.84854334922028
-34.810525477700416 -56.84854334922028
-36.011195222668164 -57.529231635816394
-36.011195222668164 -57.529231635816394
-36.011195222668164 -57.529231635816394
-37.23847327478041 -58.209034182860904
-37.23847327478041 -58.209034182860904
-37.23847327478041 -58.209034182860904
-38.41459416884075 -58.9375522227975
-38.41459416884075 -58.9375522227975
-38.41459416884075 -58.9375522227975
-39.5635300706934 -59.67647766072817
-39.5635300706934 -59.67647766072817
-39.5635300706934 -59.67647766072817
-40.537081692376674 -60.57383916703461
-40.537081692376674 -60.57383916703461
-40.537081692376674 -60.57383916703461
-41.35279569269027 -61.65643025696154
-41.35279569269027 -61.65643025696154
-41.35279569269027 -61.65643025696154
-42.233671282420765 -62.686430759393225
-42.233671282420765 -62.686430759393225
-42.233671282420765 -62.686430759393225
-43.029037755895075 -63.80744066104186
-43.029037755895075 -63.80744066104186
-43.029037755895075 -63.80744066104186
-43.5811399054198 -65.08500444217731
-43.5811399054198 -65.08500444217731
-43.5811399054198 -65.08500444217731
-44.03389328331341 -66.34252843384546
-44.03389328331341 -66.34252843384546
-44.03389328331341 -66.34252843384546
-44.423544624452575 -67.64766074942263
-44.423544624452575 -67.64766074942263
-44.423544624452575 -67.64766074942263
-44.57858133061988 -68.98445813615143
-44.57858133061988 -68.98445813615143
-44.57858133061988 -68.98445813615143
-44.588713936459314 -70.33299152843753
-44.588713936459314 -70.33299152843753
-44.588713936459314 -70.33299152843753
-44.59794035765602 -71.68517858448324
-44.59794035765602 -71.68517858448324
-44.59794035765602 -71.68517858448324
-44.59670467447718 -73.10257796115664
-44.59670467447718 -73.10257796115664
-44.59670467447718 -73.10257796115664
-44.59357426074136 -74.38313110225165
-44.59357426074136 -74.38313110225165
-44.59357426074136 -74.38313110225165
-44.70025472196346 -75.42719266571407
-44.70025472196346 -75.42719266571407
-44.70025472196346 -75.42719266571407
-45.098802890391056 -76.17785410848023
-45.098802890391056 -76.17785410848023
-45.098802890391056 -76.17785410848023
-45.782958126150966 -76.81336985050692
-45.782958126150966 -76.81336985050692
-45.782958126150966 -76.81336985050692
-46.72825384633574 -77.25280573093409
-46.72825384633574 -77.25280573093409
-46.72825384633574 -77.25280573093409
-47.93123018373759 -77.42884580377286
-47.93123018373759 -77.42884580377286
-47.93123018373759 -77.42884580377286
-49.27087279543826 -77.51332289396136
-49.27087279543826 -77.51332289396136
-49.27087279543826 -77.51332289396136
-50.62913302447318 -77.51476221694607
-50.62913302447318 -77.51476221694607
-50.62913302447318 -77.51476221694607
-51.922808348097625 -77.4297315376895
-51.922808348097625 -77.4297315376895
-51.922808348097625 -77.4297315376895
-53.268876513992865 -77.38633046097529
-53.268876513992865 -77.38633046097529
-53.268876513992865 -77.38633046097529
-54.696581970606815 -77.2179298619192
-54.696581970606815 -77.2179298619192
-54.696581970606815 -77.2179298619192
-56.05377124213264 -77.13245632239494
-56.05377124213264 -77.13245632239494
-56.05377124213264 -77.13245632239494
-57.351235979692134 -77.0242857853179
-57.351235979692134 -77.0242857853179
-57.351235979692134 -77.0242857853179
-58.70859002405775 -76.95231971848287
-58.70859002405775 -76.95231971848287
-58.70859002405775 -76.95231971848287
-60.112076177544466 -76.90460068056154
-60.112076177544466 -76.90460068056154
-60.112076177544466 -76.90460068056154
-61.46498176161799 -76.83994193561776
-61.46498176161799 -76.83994193561776
-61.46498176161799 -76.83994193561776
-62.742510835274764 -76.63223679092046
-62.742510835274764 -76.63223679092046
-62.742510835274764 -76.63223679092046
-64.01229630817402 -76.37238392533705
-64.01229630817402 -76.37238392533705
-64.01229630817402 -76.37238392533705
-65.29534475348143 -76.28181739906516
-65.29534475348143 -76.28181739906516
-65.29534475348143 -76.28181739906516
-66.72428589322791 -76.20486906724012
-66.72428589322791 -76.20486906724012
-66.72428589322791 -76.20486906724012
-68.1498495301779 -76.17054678658896
-68.1498495301779 -76.17054678658896
-68.1498495301779 -76.17054678658896
-69.53340001974287 -76.2232480902045
-69.53340001974287 -76.2232480902045
-69.53340001974287 -76.2232480902045
-70.89956857514343 -76.22092303330314
-70.89956857514343 -76.22092303330314
-70.89956857514343 -76.22092303330314
-72.27331600665167 -76.2060869530482
-72.27331600665167 -76.2060869530482
-72.27331600665167 -76.2060869530482
-73.66955278460043 -76.13268156322832
-73.66955278460043 -76.13268156322832
-73.66955278460043 -76.13268156322832
-75.03176720034367 -76.13567092391254
-75.03176720034367 -76.13567092391254
-75.03176720034367 -76.13567092391254
-76.39546438936216 -76.22125518519454
-76.39546438936216 -76.22125518519454
-76.39546438936216 -76.22125518519454
-77.78774702660453 -76.23088756962147
-77.78774702660453 -76.23088756962147
-77.78774702660453 -76.23088756962147
-79.19592872934493 -76.1603608194325
-79.19592872934493 -76.1603608194325
-79.19592872934493 -76.1603608194325
-80.56349774282477 -76.10035219392564
-80.56349774282477 -76.10035219392564
-80.56349774282477 -76.10035219392564
-81.86153911713451 -76.17065750764226
-81.86153911713451 -76.17065750764226
-81.86153911713451 -76.17065750764226
-83.15142497952411 -76.26498841380028
-83.15142497952411 -76.26498841380028
-83.15142497952411 -76.26498841380028
-84.53250410161253 -76.25723821825999
-84.53250410161253 -76.25723821825999
-84.53250410161253 -76.25723821825999
-85.95963292228636 -76.26299550245177
-85.95963292228636 -76.26299550245177
-85.95963292228636 -76.26299550245177
-87.3390644971815 -76.32566134238566
-87.3390644971815 -76.32566134238566
-87.3390644971815 -76.32566134238566
-88.70169077580859 -76.3238898682138
-88.70169077580859 -76.3238898682138
-88.70169077580859 -76.3238898682138
-90.07156638274745 -76.3238898682138
-90.07156638274745 -76.3238898682138
-90.07156638274745 -76.3238898682138
-91.46837984461531 -76.34060813805965
-91.46837984461531 -76.34060813805965
-91.46837984461531 -76.34060813805965
-92.85193033301567 -76.29842495349196
-92.85193033301567 -76.29842495349196
-92.85193033301567 -76.29842495349196
-94.20944910395254 -76.27240645040632
-94.20944910395254 -76.27240645040632
-94.20944910395254 -76.27240645040632
-95.567050285411 -76.32422202010522
-95.567050285411 -76.32422202010522
-95.567050285411 -76.32422202010522
-96.93190079413247 -76.42685670312446
-96.93190079413247 -76.42685670312446
-96.93190079413247 -76.42685670312446
-98.3132270534079 -76.49727273226007
-98.3132270534079 -76.49727273226007
-98.3132270534079 -76.49727273226007
-99.71366520244307 -76.49561197914153
-99.71366520244307 -76.49561197914153
-99.71366520244307 -76.49561197914153
-101.05413158697694 -76.55484558544644
-101.05413158697694 -76.55484558544644
-101.05413158697694 -76.55484558544644
-102.41214467850783 -76.66556261589734
-102.41214467850783 -76.66556261589734
-102.41214467850783 -76.66556261589734
-103.83836731443125 -76.69700625128333
-103.83836731443125 -76.69700625128333
-103.83836731443125 -76.69700625128333
-105.20989051457191 -76.68814889169255
-105.20989051457191 -76.68814889169255
-105.20989051457191 -76.68814889169255
-106.50488388554156 -76.89884339003122
-106.50488388554156 -76.89884339003122
-106.50488388554156 -76.89884339003122
-107.82384942234177 -76.94589813121253
-107.82384942234177 -76.94589813121253
-107.82384942234177 -76.94589813121253
-109.2168734701474 -76.92231539974307
-109.2168734701474 -76.92231539974307
-109.2168734701474 -76.92231539974307
-110.64194283337523 -76.97878108254037
-110.64194283337523 -76.97878108254037
-110.64194283337523 -76.97878108254037
-111.99114136555296 -77.15459972454113
-111.99114136555296 -77.15459972454113
-111.99114136555296 -77.15459972454113
-113.29742061496569 -77.38511257516723
-113.29742061496569 -77.38511257516723
-113.29742061496569 -77.38511257516723
-114.64357119108148 -77.7353105305494
-114.64357119108148 -77.7353105305494
-114.64357119108148 -77.7353105305494
-115.9817309820103 -78.21947609595989
-115.9817309820103 -78.21947609595989
-115.9817309820103 -78.21947609595989
-117.24920986112835 -78.78457579617168
-117.24920986112835 -78.78457579617168
-117.24920986112835 -78.78457579617168
-118.42862589428202 -79.4375848272428
-118.42862589428202 -79.4375848272428
-118.42862589428202 -79.4375848272428
-119.45424085836855 -80.27050901870885
-119.45424085836855 -80.27050901870885
-119.45424085836855 -80.27050901870885
-120.41411759724936 -81.15059867240775
-120.41411759724936 -81.15059867240775
-120.41411759724936 -81.15059867240775
-121.37490051971965 -82.13055507998138
-121.37490051971965 -82.13055507998138
-121.37490051971965 -82.13055507998138
-122.32620993088814 -83.15800908829713
-122.32620993088814 -83.15800908829713
-122.32620993088814 -83.15800908829713
-123.28625144365091 -84.14637999448543
-123.28625144365091 -84.14637999448543
-123.28625144365091 -84.14637999448543
-124.27520785705501 -85.06034905517889
-124.27520785705501 -85.06034905517889
-124.27520785705501 -85.06034905517889
-125.39638217770953 -85.79960664496625
-125.39638217770953 -85.79960664496625
-125.39638217770953 -85.79960664496625
-126.62753200673987 -86.25609294782662
-126.62753200673987 -86.25609294782662
-126.62753200673987 -86.25609294782662
-127.90069503029139 -86.75542673903617
-127.90069503029139 -86.75542673903617
-127.90069503029139 -86.75542673903617
-129.2740305502864 -87.10606756101781
-129.2740305502864 -87.10606756101781
-129.2740305502864 -87.10606756101781
-130.65197925833436 -87.29771873964805
-130.65197925833436 -87.29771873964805
-130.65197925833436 -87.29771873964805
-132.0094157128065 -87.40478210562955
-132.0094157128065 -87.40478210562955
-132.0094157128065 -87.40478210562955
-133.39090669751855 -87.42913984925752
-133.39090669751855 -87.42913984925752
-133.39090669751855 -87.42913984925752
-134.77684614354789 -87.36769190147164
-134.77684614354789 -87.36769190147164
-134.77684614354789 -87.36769190147164
-136.0708509663002 -87.28664703223664
-136.0708509663002 -87.28664703223664
-136.0708509663002 -87.28664703223664
-137.3809196294876 -87.3734491856633
-137.3809196294876 -87.3734491856633
-137.3809196294876 -87.3734491856633
-138.79700970646726 -87.52690298270372
-138.79700970646726 -87.52690298270372
-138.79700970646726 -87.52690298270372
-140.17479368770077 -87.66806719215889
-140.17479368770077 -87.66806719215889
-140.17479368770077 -87.66806719215889
-141.5075988817202 -87.62311607774612
-141.5075988817202 -87.62311607774612
-141.5075988817202 -87.62311607774612
-142.8314247897039 -87.45050823290566
-142.8314247897039 -87.45050823290566
-142.8314247897039 -87.45050823290566
-144.18902597080918 -87.23117780511475
-144.18902597080918 -87.23117780511475
-144.18902597080918 -87.23117780511475
-145.5658214050334 -86.92947390615731
-145.5658214050334 -86.92947390615731
-145.5658214050334 -86.92947390615731
-146.90571115237856 -86.6871143296267
-146.90571115237856 -86.6871143296267
-146.90571115237856 -86.6871143296267
-148.25878150979986 -86.50155259412213
-148.25878150979986 -86.50155259412213
-148.25878150979986 -86.50155259412213
-149.65411214973963 -86.37489231866407
-149.65411214973963 -86.37489231866407
-149.65411214973963 -86.37489231866407
-150.68318702799917 -86.39504281650419
-150.68318702799917 -86.39504281650419
-150.68318702799917 -86.39504281650419
-151.0302485375842 -86.50653485911191
-151.0302485375842 -86.50653485911191
-151.0302485375842 -86.50653485911191
-151.67766285900743 -86.6648602120619
-151.67766285900743 -86.6648602120619
-151.67766285900743 -86.6648602120619
-152.7356526378941 -87.16651906017233
-152.7356526378941 -87.16651906017233
-152.7356526378941 -87.16651906017233
-153.24582400315833 -87.40201417578349
-153.24582400315833 -87.40201417578349
-153.24582400315833 -87.40201417578349
-152.97850509982186 -87.07739185618284
-152.97850509982186 -87.07739185618284
-152.97850509982186 -87.07739185618284
-152.82709303378243 -86.86370799082583
-152.82709303378243 -86.86370799082583
-152.82709303378243 -86.86370799082583
-152.96054652987016 -87.10883549156816
-152.96054652987016 -87.10883549156816
-152.96054652987016 -87.10883549156816
-153.06121334799863 -87.58336866549979
-153.06121334799863 -87.58336866549979
-153.06121334799863 -87.58336866549979
-153.08221992220325 -88.000993295663
-153.08221992220325 -88.000993295663
-153.08221992220325 -88.000993295663
-153.06747412935349 -88.73283284179698
-153.06747412935349 -88.73283284179698
-153.06747412935349 -88.73283284179698
-153.1040502684248 -89.9861495939585
-153.1040502684248 -89.9861495939585
-153.1040502684248 -89.9861495939585
-152.99489848701128 -91.47119707620527
-152.99489848701128 -91.47119707620527
-152.99489848701128 -91.47119707620527
-152.86416344738274 -92.78485460505092
-152.86416344738274 -92.78485460505092
-152.86416344738274 -92.78485460505092
-152.7840913405073 -94.01314930345193
-152.7840913405073 -94.01314930345193
-152.7840913405073 -94.01314930345193
-152.66686640950212 -95.38415824970579
-152.66686640950212 -95.38415824970579
-152.66686640950212 -95.38415824970579
-152.71604652181261 -96.79878970913998
-152.71604652181261 -96.79878970913998
-152.71604652181261 -96.79878970913998
-152.82857585422514 -98.15075532793415
-152.82857585422514 -98.15075532793415
-152.82857585422514 -98.15075532793415
-152.95996989406976 -99.46518787666511
-152.95996989406976 -99.46518787666511
-152.95996989406976 -99.46518787666511
-153.01096232640685 -100.88956242959212
-153.01096232640685 -100.88956242959212
-153.01096232640685 -100.88956242959212
-153.03905345398326 -102.2917935803691
-153.03905345398326 -102.2917935803691
-153.03905345398326 -102.2917935803691
-153.00363058756085 -103.64752357903063
-153.00363058756085 -103.64752357903063
-153.00363058756085 -103.64752357903063
-153.05091596931518 -104.99184971768084
-153.05091596931518 -104.99184971768084
-153.05091596931518 -104.99184971768084
-153.30719617754633 -106.1052201461521
-153.30719617754633 -106.1052201461521
-153.30719617754633 -106.1052201461521
-153.4884293278207 -106.81923425765466
-153.4884293278207 -106.81923425765466
-153.4884293278207 -106.81923425765466
-153.6791360375996 -107.27184545955286
-153.6791360375996 -107.27184545955286
-153.6791360375996 -107.27184545955286
-154.03698919934183 -107.78856182436454
-154.03698919934183 -107.78856182436454
-154.03698919934183 -107.78856182436454
-154.32127812566603 -108.27638104716536
-154.32127812566603 -108.27638104716536
-154.32127812566603 -108.27638104716536
-154.42812331357098 -108.52494077518507
-154.42812331357098 -108.52494077518507
-154.42812331357098 -108.52494077518507
-154.47903333537823 -108.75788940374899
-154.47903333537823 -108.75788940374899
-154.47903333537823 -108.75788940374899
-154.4141189314667 -109.13465944421455
-154.4141189314667 -109.13465944421455
-154.4141189314667 -109.13465944421455
-154.3492044793453 -109.54619463263873
-154.3492044793453 -109.54619463263873
-154.3492044793453 -109.54619463263873
-154.3744123776134 -109.8563130301977
-154.3744123776134 -109.8563130301977
-154.3744123776134 -109.8563130301977
-154.33314063994982 -110.07542202713834
-154.33314063994982 -110.07542202713834
-154.33314063994982 -110.07542202713834
-154.13666742334593 -110.43580594964943
-154.13666742334593 -110.43580594964943
-154.13666742334593 -110.43580594964943
-153.89941674255897 -110.69300160078542
-153.89941674255897 -110.69300160078542
-153.89941674255897 -110.69300160078542
-153.7408377115714 -111.24459382826585
-153.7408377115714 -111.24459382826585
-153.7408377115714 -111.24459382826585
-153.63110924614813 -112.41708714759922
-153.63110924614813 -112.41708714759922
-153.63110924614813 -112.41708714759922
-153.66793256964556 -113.9195172097273
-153.66793256964556 -113.9195172097273
-153.66793256964556 -113.9195172097273
-153.69149287357416 -115.23406047241377
-153.69149287357416 -115.23406047241377
-153.69149287357416 -115.23406047241377
-153.73877825532827 -116.41463613282629
-153.73877825532827 -116.41463613282629
-153.73877825532827 -116.41463613282629
-153.95798800279638 -117.62942335775922
-153.95798800279638 -117.62942335775922
-153.95798800279638 -117.62942335775922
-154.15149557956317 -118.49711269710515
-154.15149557956317 -118.49711269710515
-154.15149557956317 -118.49711269710515
-154.23412141616186 -118.84254982393517
-154.23412141616186 -118.84254982393517
-154.23412141616186 -118.84254982393517
-154.40999996972258 -119.27224260447238
-154.40999996972258 -119.27224260447238
-154.40999996972258 -119.27224260447238
-154.6045785039799 -119.92846242629592
-154.6045785039799 -119.92846242629592
-154.6045785039799 -119.92846242629592
-154.8055825452788 -120.37598064776897
-154.8055825452788 -120.37598064776897
-154.8055825452788 -120.37598064776897
-154.91456960100388 -120.55478865043489
-154.91456960100388 -120.55478865043489
-154.91456960100388 -120.55478865043489
-155.15058459756293 -120.67214869898157
-155.15058459756293 -120.67214869898157
-155.15058459756293 -120.67214869898157
-155.9382898804177 -120.82969902708156
-155.9382898804177 -120.82969902708156
-155.9382898804177 -120.82969902708156
-157.0545214199254 -120.94982699913541
-157.0545214199254 -120.94982699913541
-157.0545214199254 -120.94982699913541
-158.03359241171069 -121.03197903311799
-158.03359241171069 -121.03197903311799
-158.03359241171069 -121.03197903311799
-159.2534564091632 -121.21942296453527
-159.2534564091632 -121.21942296453527
-159.2534564091632 -121.21942296453527
-160.64013726465328 -121.60560395364521
-160.64013726465328 -121.60560395364521
-160.64013726465328 -121.60560395364521
-161.977967555616 -122.06917614751575
-161.977967555616 -122.06917614751575
-161.977967555616 -122.06917614751575
-163.1283039139016 -122.59895711838716
-163.1283039139016 -122.59895711838716
-163.1283039139016 -122.59895711838716
-164.24494736241684 -123.31219621135861
-164.24494736241684 -123.31219621135861
-164.24494736241684 -123.31219621135861
-165.39997927211365 -124.14489897259845
-165.39997927211365 -124.14489897259845
-165.39997927211365 -124.14489897259845
-166.52560200558514 -125.00240234406783
-166.52560200558514 -125.00240234406783
-166.52560200558514 -125.00240234406783
-167.62296883862484 -125.78173949791156
-167.62296883862484 -125.78173949791156
-167.62296883862484 -125.78173949791156
-168.77132810293878 -126.41183010192493
-168.77132810293878 -126.41183010192493
-168.77132810293878 -126.41183010192493
-169.86564693170723 -127.09074691424121
-169.86564693170723 -127.09074691424121
-169.86564693170723 -127.09074691424121
-170.88450684061635 -127.91758166952259
-170.88450684061635 -127.91758166952259
-170.88450684061635 -127.91758166952259
-171.93936625278334 -128.8107359291939
-171.93936625278334 -128.8107359291939
-171.93936625278334 -128.8107359291939
-173.02857757282004 -129.70842958724575
-173.02857757282004 -129.70842958724575
-173.02857757282004 -129.70842958724575
-174.06292468424894 -130.5648257946497
-174.06292468424894 -130.5648257946497
-174.06292468424894 -130.5648257946497
-175.1568316500213 -131.33198407068065
-175.1568316500213 -131.33198407068065
-175.1568316500213 -131.33198407068065
-176.29003321235592 -132.07445245753186
-176.29003321235592 -132.07445245753186
-176.29003321235592 -132.07445245753186
-177.47373293247946 -132.85467534527444
-177.47373293247946 -132.85467534527444
-177.47373293247946 -132.85467534527444
-178.66805948474345 -133.62604087412987
-178.66805948474345 -133.62604087412987
-178.66805948474345 -133.62604087412987
-179.8088399221074 -134.36983786783665
-179.8088399221074 -134.36983786783665
-179.8088399221074 -134.36983786783665
-180.8908842781766 -134.908697634749
-180.8908842781766 -134.908697634749
-180.8908842781766 -134.908697634749
-181.9426133226402 -135.2370843398265
-181.9426133226402 -135.2370843398265
-181.9426133226402 -135.2370843398265
-183.08083998204046 -135.63145839106437
-183.08083998204046 -135.63145839106437
-183.08083998204046 -135.63145839106437
-184.38909632371056 -135.99106729434558
-184.38909632371056 -135.99106729434558
-184.38909632371056 -135.99106729434558
-185.73219884777 -136.0839588775042
-185.73219884777 -136.0839588775042
-185.73219884777 -136.0839588775042
-187.01903675330868 -136.02505742309998
-187.01903675330868 -136.02505742309998
-187.01903675330868 -136.02505742309998
-188.38050971128487 -135.9761204923354
-188.38050971128487 -135.9761204923354
-188.38050971128487 -135.9761204923354
-189.73440384029882 -135.93260870091316
-189.73440384029882 -135.93260870091316
-189.73440384029882 -135.93260870091316
-191.03326903501926 -136.00900344999667
-191.03326903501926 -136.00900344999667
-191.03326903501926 -136.00900344999667
-192.36994600480148 -136.1393173955381
-192.36994600480148 -136.1393173955381
-192.36994600480148 -136.1393173955381
-193.7645352345717 -136.15382132460357
-193.7645352345717 -136.15382132460357
-193.7645352345717 -136.15382132460357
-195.11307476681208 -136.1606857791833
-195.11307476681208 -136.1606857791833
-195.11307476681208 -136.1606857791833
-196.44868082726586 -136.18260775119222
-196.44868082726586 -136.18260775119222
-196.44868082726586 -136.18260775119222
-197.81015383124495 -136.23065894099742
-197.81015383124495 -136.23065894099742
-197.81015383124495 -136.23065894099742
-199.22607913472933 -136.3001892362054
-199.22607913472933 -136.3001892362054
-199.22607913472933 -136.3001892362054
-200.63409606355236 -136.39064504704388
-200.63409606355236 -136.39064504704388
-200.63409606355236 -136.39064504704388
-201.98617787344295 -136.5086693930288
-201.98617787344295 -136.5086693930288
-201.98617787344295 -136.5086693930288
-203.3336464952556 -136.62370438466849
-203.3336464952556 -136.62370438466849
-203.3336464952556 -136.62370438466849
-204.72197494353725 -136.72534261904008
-204.72197494353725 -136.72534261904008
-204.72197494353725 -136.72534261904008
-206.13641742753887 -136.78092256720763
-206.13641742753887 -136.78092256720763
-206.13641742753887 -136.78092256720763
-207.5317480668338 -136.7904442305797
-207.5317480668338 -136.7904442305797
-207.5317480668338 -136.7904442305797
-208.89470384500387 -136.72069250523808
-208.89470384500387 -136.72069250523808
-208.89470384500387 -136.72069250523808
-210.26293190366087 -136.60244671644233
-210.26293190366087 -136.60244671644233
-210.26293190366087 -136.60244671644233
-211.64302247762646 -136.53546291531208
-211.64302247762646 -136.53546291531208
-211.64302247762646 -136.53546291531208
-213.0463438559072 -136.54232736989178
-213.0463438559072 -136.54232736989178
-213.0463438559072 -136.54232736989178
-214.424539699281 -136.5969108694281
-214.424539699281 -136.5969108694281
-214.424539699281 -136.5969108694281
-215.77250259441718 -136.70618857053833
-215.77250259441718 -136.70618857053833
-215.77250259441718 -136.70618857053833
-217.13850637568356 -136.82354861907893
-217.13850637568356 -136.82354861907893
-217.13850637568356 -136.82354861907893
-218.52230400013855 -136.87447845414874
-218.52230400013855 -136.87447845414874
-218.52230400013855 -136.87447845414874
-219.870843532069 -136.90271129871215
-219.870843532069 -136.90271129871215
-219.870843532069 -136.90271129871215
-221.23544690336786 -137.0377860664314
-221.23544690336786 -137.0377860664314
-221.23544690336786 -137.0377860664314
-222.61940925450193 -137.20718312043047
-222.61940925450193 -137.20718312043047
-222.61940925450193 -137.20718312043047
-223.97989371223161 -137.4084666771207
-223.97989371223161 -137.4084666771207
-223.97989371223161 -137.4084666771207
-225.3164059548673 -137.45806790532924
-225.3164059548673 -137.45806790532924
-225.3164059548673 -137.45806790532924
-226.26005408072524 -137.42983506076587
-226.26005408072524 -137.42983506076587
-226.26005408072524 -137.42983506076587
-227.00459289490684 -137.3689406950137
-227.00459289490684 -137.3689406950137
-227.00459289490684 -137.3689406950137
-228.07040868543626 -137.3246538843899
-228.07040868543626 -137.3246538843899
-228.07040868543626 -137.3246538843899
-229.6375813277145 -137.36362627813324
-229.6375813277145 -137.36362627813324
-229.6375813277145 -137.36362627813324
-231.10112151207144 -137.39706282415807
-231.10112151207144 -137.39706282415807
-231.10112151207144 -137.39706282415807
-232.32255069255228 -137.32520747275362
-232.32255069255228 -137.32520747275362
-232.32255069255228 -137.32520747275362
-233.55518338707753 -137.14440656508765
-233.55518338707753 -137.14440656508765
-233.55518338707753 -137.14440656508765
-234.97077914332473 -137.1286847509186
-234.97077914332473 -137.1286847509186
-234.97077914332473 -137.1286847509186
-236.40631061057346 -137.2285515040756
-236.40631061057346 -137.2285515040756
-236.40631061057346 -137.2285515040756
-237.7993346559416 -137.37547300404057
-237.7993346559416 -137.37547300404057
-237.7993346559416 -137.37547300404057
-239.1321398488534 -137.55040590646226
-239.1321398488534 -137.55040590646226
-239.1321398488534 -137.55040590646226
-240.41774202234768 -137.7544573866594
-240.41774202234768 -137.7544573866594
-240.41774202234768 -137.7544573866594
-241.7124882546897 -137.92739738336692
-241.7124882546897 -137.92739738336692
-241.7124882546897 -137.92739738336692
-243.1015581131823 -138.04287524231643
-243.1015581131823 -138.04287524231643
-243.1015581131823 -138.04287524231643
-244.49458211233608 -138.0893763944221
-244.49458211233608 -138.0893763944221
-244.49458211233608 -138.0893763944221
-245.87195418219926 -138.14661709641192
-245.87195418219926 -138.14661709641192
-245.87195418219926 -138.14661709641192
-247.19627436245818 -138.22854769321333
-247.19627436245818 -138.22854769321333
-247.19627436245818 -138.22854769321333
-248.5101324844498 -138.2330870915963
-248.5101324844498 -138.2330870915963
-248.5101324844498 -138.2330870915963
-249.84227862982806 -138.23530143307826
-249.84227862982806 -138.23530143307826
-249.84227862982806 -138.23530143307826
-251.26059293660478 -138.32276788393673
-251.26059293660478 -138.32276788393673
-251.26059293660478 -138.32276788393673
-252.67050459523907 -138.4949328621464
-252.67050459523907 -138.4949328621464
-252.67050459523907 -138.4949328621464
-254.01393661902787 -138.63465774930117
-254.01393661902787 -138.63465774930117
-254.01393661902787 -138.63465774930117
-255.35563873225234 -138.7420532671586
-255.35563873225234 -138.7420532671586
-255.35563873225234 -138.7420532671586
-256.74042490310575 -138.81756228302916
-256.74042490310575 -138.81756228302916
-256.74042490310575 -138.81756228302916
-258.13921540991413 -138.88487823605027
-258.13921540991413 -138.88487823605027
-258.13921540991413 -138.88487823605027
-259.5559645327476 -138.8992714496966
-259.5559645327476 -138.8992714496966
-259.5559645327476 -138.8992714496966
-260.95656740669693 -138.86804924444965
-260.95656740669693 -138.86804924444965
-260.95656740669693 -138.86804924444965
-262.3238892810072 -138.87546728809727
-262.3238892810072 -138.87546728809727
-262.3238892810072 -138.87546728809727
-263.63741785602554 -138.889639064567
-263.63741785602554 -138.889639064567
-263.63741785602554 -138.889639064567
-264.9373539118849 -138.9277257243936
-264.9373539118849 -138.9277257243936
-264.9373539118849 -138.9277257243936
-266.3202453520289 -138.98197706569957
-266.3202453520289 -138.98197706569957
-266.3202453520289 -138.98197706569957
-267.7266971442631 -139.03080327470605
-267.7266971442631 -139.03080327470605
-267.7266971442631 -139.03080327470605
-269.0896529205075 -139.0595897012944
-269.0896529205075 -139.0595897012944
-269.0896529205075 -139.0595897012944
-270.4438765961897 -139.02471383862385
-270.4438765961897 -139.02471383862385
-270.4438765961897 -139.02471383862385
-271.74010560136406 -138.9812020472021
-271.74010560136406 -138.9812020472021
-271.74010560136406 -138.9812020472021
-273.06195446098405 -138.94820837412215
-273.06195446098405 -138.94820837412215
-273.06195446098405 -138.94820837412215
-274.3943477421946 -138.95485139222947
-274.3943477421946 -138.95485139222947
-274.3943477421946 -138.95485139222947
-275.8040946275944 -138.97810197109933
-275.8040946275944 -138.97810197109933
-275.8040946275944 -138.97810197109933
-277.1454672408868 -139.03135686306973
-277.1454672408868 -139.03135686306973
-277.1454672408868 -139.03135686306973
-278.45487685497767 -139.10487296759203
-278.45487685497767 -139.10487296759203
-278.45487685497767 -139.10487296759203
-279.79822651498506 -139.10376579720318
-279.79822651498506 -139.10376579720318
-279.79822651498506 -139.10376579720318
-281.2182707779124 -139.06512555535147
-281.2182707779124 -139.06512555535147
-281.2182707779124 -139.06512555535147
-282.62488729557526 -139.12458059811877
-282.62488729557526 -139.12458059811877
-282.62488729557526 -139.12458059811877
-284.015604700573 -139.21038629585868
-284.015604700573 -139.21038629585868
-284.015604700573 -139.21038629585868
-285.38169089027207 -139.31313169427966
-285.38169089027207 -139.31313169427966
-285.38169089027207 -139.31313169427966
-286.7773510289753 -139.27648435743757
-286.7773510289753 -139.27648435743757
-286.7773510289753 -139.27648435743757
-288.1833085473712 -139.253233784202
-288.1833085473712 -139.253233784202
-288.1833085473712 -139.253233784202
-289.57056603685993 -139.23861913408334
-289.57056603685993 -139.23861913408334
-289.57056603685993 -139.23861913408334
-290.9144099701568 -139.181378432798
-290.9144099701568 -139.181378432798
-290.9144099701568 -139.181378432798
-292.30562169564774 -139.1480526078267
-292.30562169564774 -139.1480526078267
-292.30562169564774 -139.1480526078267
-293.5867754080509 -139.174181826327
-293.5867754080509 -139.174181826327
-293.5867754080509 -139.174181826327
-294.73414612390343 -139.33018211671833
-294.73414612390343 -139.33018211671833
-294.73414612390343 -139.33018211671833
-295.93143836272236 -139.47643930656096
-295.93143836272236 -139.47643930656096
-295.93143836272236 -139.47643930656096
-297.2630902338467 -139.45695311321086
-297.2630902338467 -139.45695311321086
-297.2630902338467 -139.45695311321086
-298.5622025150427 -139.166431630788
-298.5622025150427 -139.166431630788
-298.5622025150427 -139.166431630788
-299.8123818694531 -138.7996261203354
-299.8123818694531 -138.7996261203354
-299.8123818694531 -138.7996261203354
-301.14568133379726 -138.47245730811252
-301.14568133379726 -138.47245730811252
-301.14568133379726 -138.47245730811252
-302.51539216428415 -138.1295666739732
-302.51539216428415 -138.1295666739732
-302.51539216428415 -138.1295666739732
-303.76573629147634 -137.70496687386998
-303.76573629147634 -137.70496687386998
-303.76573629147634 -137.70496687386998
-304.8892995199021 -137.18780764179496
-304.8892995199021 -137.18780764179496
-304.8892995199021 -137.18780764179496
-305.92282285680136 -136.42175653053351
-305.92282285680136 -136.42175653053351
-305.92282285680136 -136.42175653053351
-306.8574093805836 -135.45231824285423
-306.8574093805836 -135.45231824285423
-306.8574093805836 -135.45231824285423
-307.8014694145856 -134.54809227579238
-307.8014694145856 -134.54809227579238
-307.8014694145856 -134.54809227579238
-308.7139784077315 -133.67973863270737
-308.7139784077315 -133.67973863270737
-308.7139784077315 -133.67973863270737
-309.69115471457013 -132.73266518363448
-309.69115471457013 -132.73266518363448
-309.69115471457013 -132.73266518363448
-310.7646316942435 -131.77108779985866
-310.7646316942435 -131.77108779985866
-310.7646316942435 -131.77108779985866
-311.82459861246144 -130.8592223653427
-311.82459861246144 -130.8592223653427
-311.82459861246144 -130.8592223653427
-312.93036804473695 -130.02364096519432
-312.93036804473695 -130.02364096519432
-312.93036804473695 -130.02364096519432
-313.9487336775351 -129.20710288544979
-313.9487336775351 -129.20710288544979
-313.9487336775351 -129.20710288544979
-314.8431193739466 -128.31217715724225
-314.8431193739466 -128.31217715724225
-314.8431193739466 -128.31217715724225
-315.82120181818027 -127.36288936667083
-315.82120181818027 -127.36288936667083
-315.82120181818027 -127.36288936667083
-316.87087140377093 -126.47383163806816
-316.87087140377093 -126.47383163806816
-316.87087140377093 -126.47383163806816
-317.9479730244308 -125.63924668724368
-317.9479730244308 -125.63924668724368
-317.9479730244308 -125.63924668724368
-319.05151827258805 -124.83621608721823
-319.05151827258805 -124.83621608721823
-319.05151827258805 -124.83621608721823
-320.1689854933262 -124.05123236389589
-320.1689854933262 -124.05123236389589
-320.1689854933262 -124.05123236389589
-321.35812221982786 -123.3361110876739
-321.35812221982786 -123.3361110876739
-321.35812221982786 -123.3361110876739
-322.5787276248272 -122.66671593872225
-322.5787276248272 -122.66671593872225
-322.5787276248272 -122.66671593872225
-323.83483821236837 -122.10128408034241
-323.83483821236837 -122.10128408034241
-323.83483821236837 -122.10128408034241
-325.1062712756703 -121.74887178351666
-325.1062712756703 -121.74887178351666
-325.1062712756703 -121.74887178351666
-325.94925262958355 -121.66007673142654
-325.94925262958355 -121.66007673142654
-325.94925262958355 -121.66007673142654
-326.48965698923786 -121.65199438399573
-326.48965698923786 -121.65199438399573
-326.48965698923786 -121.65199438399573
-327.00658340732264 -121.64324773982499
-327.00658340732264 -121.64324773982499
-327.00658340732264 -121.64324773982499
-327.92222281289884 -121.55290265003555
-327.92222281289884 -121.55290265003555
-327.92222281289884 -121.55290265003555
-328.7841512836548 -121.5150374273834
-328.7841512836548 -121.5150374273834
-328.7841512836548 -121.5150374273834
-329.62359035979534 -121.50429787116009
-329.62359035979534 -121.50429787116009
-329.62359035979534 -121.50429787116009
-330.5789362729996 -121.5216804454911
-330.5789362729996 -121.5216804454911
-330.5789362729996 -121.5216804454911
-331.7042295048133 -121.54736679668247
-331.7042295048133 -121.54736679668247
-331.7042295048133 -121.54736679668247
-332.87087679039684 -121.60361104863547
-332.87087679039684 -121.60361104863547
-332.87087679039684 -121.60361104863547
-334.0238492867422 -121.66528042725398
-334.0238492867422 -121.66528042725398
-334.0238492867422 -121.66528042725398
-335.2244366181971 -121.73957155661647
-335.2244366181971 -121.73957155661647
-335.2244366181971 -121.73957155661647
-336.4620120459024 -121.8263737036968
-336.4620120459024 -121.8263737036968
-336.4620120459024 -121.8263737036968
-337.6816288575555 -121.73569646201602
-337.6816288575555 -121.73569646201602
-337.6816288575555 -121.73569646201602
-338.8289995726899 -122.05755085808018
-338.8289995726899 -122.05755085808018
-338.8289995726899 -122.05755085808018
-340.11567270200686 -122.25385214345239
-340.11567270200686 -122.25385214345239
-340.11567270200686 -122.25385214345239
-341.3623097307828 -122.43376731650619
-341.3623097307828 -122.43376731650619
-341.3623097307828 -122.43376731650619
-342.587034049992 -122.72318162151313
-342.587034049992 -122.72318162151313
-342.587034049992 -122.72318162151313
-343.8836750111514 -122.95469092778725
-343.8836750111514 -122.95469092778725
-343.8836750111514 -122.95469092778725
-345.19020134651004 -123.1307309999017
-345.19020134651004 -123.1307309999017
-345.19020134651004 -123.1307309999017
-346.5082607436789 -123.14612066922291
-346.5082607436789 -123.14612066922291
-346.5082607436789 -123.14612066922291
-347.79625192043454 -123.32636798782906
-347.79625192043454 -123.32636798782906
-347.79625192043454 -123.32636798782906
-349.1060734433376 -123.47107513998003
-349.1060734433376 -123.47107513998003
-349.1060734433376 -123.47107513998003
-350.35790039011556 -123.67623379761822
-350.35790039011556 -123.67623379761822
-350.35790039011556 -123.67623379761822
-351.69943772873427 -123.89822143418061
-351.69943772873427 -123.89822143418061
-351.69943772873427 -123.89822143418061
-352.9653513737393 -123.91704333008751
-352.9653513737393 -123.91704333008751
-352.9653513737393 -123.91704333008751
-354.1777189028941 -123.78562222049062
-354.1777189028941 -123.78562222049062
-354.1777189028941 -123.78562222049062
-355.53457867109444 -123.55832016070887
-355.53457867109444 -123.55832016070887
-355.53457867109444 -123.55832016070887
-356.9228247533518 -123.26248426139024
-356.9228247533518 -123.26248426139024
-356.9228247533518 -123.26248426139024
-358.3226861685526 -123.03374288566641
-358.3226861685526 -123.03374288566641
-358.3226861685526 -123.03374288566641
-359.70310628664924 -122.8610243254229
-359.70310628664924 -122.8610243254229
-359.70310628664924 -122.8610243254229
-361.1134298532945 -122.70934199693406
-361.1134298532945 -122.70934199693406
-361.1134298532945 -122.70934199693406
-362.27645249725094 -122.59319983419603
-362.27645249725094 -122.59319983419603
-362.27645249725094 -122.59319983419603
-362.7067988908131 -122.64246891051552
-362.7067988908131 -122.64246891051552
-362.7067988908131 -122.64246891051552
-363.05369562565323 -122.83843804963028
-363.05369562565323 -122.83843804963028
-363.05369562565323 -122.83843804963028
-363.76371775679024 -123.37973359522121
-363.76371775679024 -123.37973359522121
-363.76371775679024 -123.37973359522121
-364.36681233586 -123.99487739652426
-364.36681233586 -123.99487739652426
-364.36681233586 -123.99487739652426
-364.512787394299 -124.27986302490423
-364.512787394299 -124.27986302490423
-364.512787394299 -124.27986302490423
-364.5873401303816 -124.71697384908235
-364.5873401303816 -124.71697384908235
-364.5873401303816 -124.71697384908235
-364.6235867697799 -125.83100858056912
-364.6235867697799 -125.83100858056912
-364.6235867697799 -125.83100858056912
-364.73537469221986 -127.30144141255295
-364.73537469221986 -127.30144141255295
-364.73537469221986 -127.30144141255295
-365.0538507999582 -128.5843196103751
-365.0538507999582 -128.5843196103751
-365.0538507999582 -128.5843196103751
-365.24908833290385 -129.76677745962604
-365.24908833290385 -129.76677745962604
-365.24908833290385 -129.76677745962604
-365.44267831972314 -131.06936328162678
-365.44267831972314 -131.06936328162678
-365.44267831972314 -131.06936328162678
-365.7324042515267 -132.36109883831853
-365.7324042515267 -132.36109883831853
-365.7324042515267 -132.36109883831853
-365.7693098911387 -133.59791875061944
-365.7693098911387 -133.59791875061944
-365.7693098911387 -133.59791875061944
-365.8872762315486 -134.80407004673583
-365.8872762315486 -134.80407004673583
-365.8872762315486 -134.80407004673583
-366.07650012041614 -136.14441037594622
-366.07650012041614 -136.14441037594622
-366.07650012041614 -136.14441037594622
-366.22338136139496 -137.56601700521225
-366.22338136139496 -137.56601700521225
-366.22338136139496 -137.56601700521225
-366.34447806941677 -138.93636165384913
-366.34447806941677 -138.93636165384913
-366.34447806941677 -138.93636165384913
-366.4995148222856 -140.26197661820723
-366.4995148222856 -140.26197661820723
-366.4995148222856 -140.26197661820723
-366.6412885556182 -141.6356427723635
-366.6412885556182 -141.6356427723635
-366.6412885556182 -141.6356427723635
-366.7757306454943 -143.0594637430844
-366.7757306454943 -143.0594637430844
-366.7757306454943 -143.0594637430844
-366.9899152953006 -144.45615904032846
-366.9899152953006 -144.45615904032846
-366.9899152953006 -144.45615904032846
-367.200804804645 -145.74579097089787
-367.200804804645 -145.74579097089787
-367.200804804645 -145.74579097089787
-367.373964854153 -147.046383894156
-367.373964854153 -147.046383894156
-367.373964854153 -147.046383894156
-367.5613764229937 -148.42226438976073
-367.5613764229937 -148.42226438976073
-367.5613764229937 -148.42226438976073
-367.7523302685108 -149.8087737198232
-367.7523302685108 -149.8087737198232
-367.7523302685108 -149.8087737198232
-367.91066216183714 -151.15177125775438
-367.91066216183714 -151.15177125775438
-367.91066216183714 -151.15177125775438
-368.0315940959591 -152.49952963053383
-368.0315940959591 -152.49952963053383
-368.0315940959591 -152.49952963053383
-368.1720498299074 -153.87408152488368
-368.1720498299074 -153.87408152488368
-368.1720498299074 -153.87408152488368
-368.35303584351016 -155.2292579349578
-368.35303584351016 -155.2292579349578
-368.35303584351016 -155.2292579349578
-368.4772629180923 -156.61366364455597
-368.4772629180923 -156.61366364455597
-368.4772629180923 -156.61366364455597
-368.54506059935136 -157.97692240134123
-368.54506059935136 -157.97692240134123
-368.54506059935136 -157.97692240134123
-368.5837786061456 -159.33840968394773
-368.5837786061456 -159.33840968394773
-368.5837786061456 -159.33840968394773
-368.58970988790145 -160.71240798989737
-368.58970988790145 -160.71240798989737
-368.58970988790145 -160.71240798989737
-368.6055265899926 -162.02052966510422
-368.6055265899926 -162.02052966510422
-368.6055265899926 -162.02052966510422
-368.53220953709007 -163.34149451554586
-368.53220953709007 -163.34149451554586
-368.53220953709007 -163.34149451554586
-368.534268994376 -164.68714926219812
-368.534268994376 -164.68714926219812
-368.534268994376 -164.68714926219812
-368.4735559146807 -166.091041172135
-368.4735559146807 -166.091041172135
-368.4735559146807 -166.091041172135
-368.3896943469046 -167.4742289895266
-368.3896943469046 -167.4742289895266
-368.3896943469046 -167.4742289895266
-368.3285693560487 -168.85132737082876
-368.3285693560487 -168.85132737082876
-368.3285693560487 -168.85132737082876
-368.3131645640698 -170.23916530834435
-368.3131645640698 -170.23916530834435
-368.3131645640698 -170.23916530834435
-368.28078970093384 -171.6375213641923
-368.28078970093384 -171.6375213641923
-368.28078970093384 -171.6375213641923
-368.1013688711373 -173.02414140884096
-368.1013688711373 -173.02414140884096
-368.1013688711373 -173.02414140884096
-367.8987172370539 -174.39105383000015
-367.8987172370539 -174.39105383000015
-367.8987172370539 -174.39105383000015
-367.7580967763703 -175.78597765219527
-367.7580967763703 -175.78597765219527
-367.7580967763703 -175.78597765219527
-367.7125413513894 -177.17137981101132
-367.7125413513894 -177.17137981101132
-367.7125413513894 -177.17137981101132
-367.60034156600426 -178.5062950084063
-367.60034156600426 -178.5062950084063
-367.60034156600426 -178.5062950084063
-367.40881103647797 -179.84685677385997
-367.40881103647797 -179.84685677385997
-367.40881103647797 -179.84685677385997
-367.33096315993754 -181.09906634891144
-367.33096315993754 -181.09906634891144
-367.33096315993754 -181.09906634891144
-367.45560214463416 -182.19682567762882
-367.45560214463416 -182.19682567762882
-367.45560214463416 -182.19682567762882
-367.66064278275 -183.2189652687261
-367.66064278275 -183.2189652687261
-367.66064278275 -183.2189652687261
-367.9114859349 -184.12629131101158
-367.9114859349 -184.12629131101158
-367.9114859349 -184.12629131101158
-368.1053230589746 -184.63780397421877
-368.1053230589746 -184.63780397421877
-368.1053230589746 -184.63780397421877
-368.1409930143619 -184.75937126852347
-368.1409930143619 -184.75937126852347
-368.1409930143619 -184.75937126852347
-368.14502961168034 -184.8072010281856
-368.14502961168034 -184.8072010281856
-368.14502961168034 -184.8072010281856
-368.20442464483364 -184.95035814260353
-368.20442464483364 -184.95035814260353
-368.20442464483364 -184.95035814260353
-368.245778745761 -185.0596358507355
-368.245778745761 -185.0596358507355
-368.245778745761 -185.0596358507355
-368.42289298205526 -185.2670088364254
-368.42289298205526 -185.2670088364254
-368.42289298205526 -185.2670088364254
-368.5954763947128 -185.47238892414865
-368.5954763947128 -185.47238892414865
-368.5954763947128 -185.47238892414865
-368.61878956236626 -185.48589640387593
-368.61878956236626 -185.48589640387593
-368.61878956236626 -185.48589640387593
-368.62406179674593 -185.4878893088852
-368.62406179674593 -185.4878893088852
-368.62406179674593 -185.4878893088852
-368.7139369614352 -185.7112055522558
-368.7139369614352 -185.7112055522558
-368.7139369614352 -185.7112055522558
-368.86485480077397 -185.93828617551088
-368.86485480077397 -185.93828617551088
-368.86485480077397 -185.93828617551088
-369.0240928315757 -186.25261181243073
-369.0240928315757 -186.25261181243073
-369.0240928315757 -186.25261181243073
-369.4144855340734 -186.7758604861189
-369.4144855340734 -186.7758604861189
-369.4144855340734 -186.7758604861189
-370.00925982834843 -187.54036155952613
-370.00925982834843 -187.54036155952613
-370.00925982834843 -187.54036155952613
-370.7643431098551 -188.33088112966814
-370.7643431098551 -188.33088112966814
-370.7643431098551 -188.33088112966814
-371.62289407620284 -189.18052359771394
-371.62289407620284 -189.18052359771394
-371.62289407620284 -189.18052359771394
-372.1778794533376 -190.21495278199328
-372.1778794533376 -190.21495278199328
-372.1778794533376 -190.21495278199328
-372.6219830926819 -191.28148990542414
-372.6219830926819 -191.28148990542414
-372.6219830926819 -191.28148990542414
-372.91030856737945 -192.49550211151066
-372.91030856737945 -192.49550211151066
-372.91030856737945 -192.49550211151066
-373.12506990117265 -193.7758338092879
-373.12506990117265 -193.7758338092879
-373.12506990117265 -193.7758338092879
-373.35432984335097 -194.83295998474972
-373.35432984335097 -194.83295998474972
-373.35432984335097 -194.83295998474972
-373.9186240060531 -195.63034401578093
-373.9186240060531 -195.63034401578093
-373.9186240060531 -195.63034401578093
-374.9177954319748 -196.47079696598004
-374.9177954319748 -196.47079696598004
-374.9177954319748 -196.47079696598004
-376.10536692753914 -197.2941995000798
-376.10536692753914 -197.2941995000798
-376.10536692753914 -197.2941995000798
-377.2014157101819 -197.82763413455407
-377.2014157101819 -197.82763413455407
-377.2014157101819 -197.82763413455407
-378.3168234726174 -198.11660557850234
-378.3168234726174 -198.11660557850234
-378.3168234726174 -198.11660557850234
-379.6659396385017 -198.11106972515097
-379.6659396385017 -198.11106972515097
-379.6659396385017 -198.11106972515097
-381.0788993449251 -198.0254854639045
-381.0788993449251 -198.0254854639045
-381.0788993449251 -198.0254854639045
-382.49194136856784 -197.76031818084525
-382.49194136856784 -197.76031818084525
-382.49194136856784 -197.76031818084525
-383.8563800101252 -197.57187780014948
-383.8563800101252 -197.57187780014948
-383.8563800101252 -197.57187780014948
-385.23004502565504 -197.3935126711868
-385.23004502565504 -197.3935126711868
-385.23004502565504 -197.3935126711868
-386.5827034691031 -197.1565782326831
-386.5827034691031 -197.1565782326831
-386.5827034691031 -197.1565782326831
-387.9645239964558 -196.89395744369972
-387.9645239964558 -196.89395744369972
-387.9645239964558 -196.89395744369972
-389.679236924605 -197.69089860741255
-389.679236924605 -197.69089860741255
-389.679236924605 -197.69089860741255
-390.9783492049946 -197.55969892798808
-390.9783492049946 -197.55969892798808
-390.9783492049946 -197.55969892798808
-392.1551290942115 -197.53035891938177
-392.1551290942115 -197.53035891938177
-392.1551290942115 -197.53035891938177
-393.0625306246174 -197.80737292200715
-393.0625306246174 -197.80737292200715
-393.0625306246174 -197.80737292200715
-394.70334981573484 -196.8159019408133
-394.70334981573484 -196.8159019408133
-394.70334981573484 -196.8159019408133
-396.21252783218637 -196.79951582286554
-396.21252783218637 -196.79951582286554
-396.21252783218637 -196.79951582286554
-398.05657529403777 -196.72378537617527
-398.05657529403777 -196.72378537617527
-398.05657529403777 -196.72378537617527
-399.28212343231706 -197.1189344465146
-399.28212343231706 -197.1189344465146
-399.28212343231706 -197.1189344465146
-400.56443046239605 -197.17650729967733
-400.56443046239605 -197.17650729967733
-400.56443046239605 -197.17650729967733
-402.0294534636446 -197.1220345219123
-402.0294534636446 -197.1220345219123
-402.0294534636446 -197.1220345219123
-403.46226642279646 -196.9024826577341
-403.46226642279646 -196.9024826577341
-403.46226642279646 -196.9024826577341
-404.3515446102754 -196.4023738475165
-404.3515446102754 -196.4023738475165
-404.3515446102754 -196.4023738475165
-405.73072899694637 -196.39816659539164
-405.73072899694637 -196.39816659539164
-405.73072899694637 -196.39816659539164
-407.17194460515043 -196.36749797922002
-407.17194460515043 -196.36749797922002
